x_err	y_err	z_err
0.1497117455083878	0.11087855231656189	0.20608963801593647
0.35934002671997006	0.10529605159185314	0.3301630670277299
0.7699199467716942	0.1743693699889665	0.4981150313928346
0.17546939893780672	0.09896429367015869	0.28349827742889777
0.7778628058021928	0.1315543167037425	0.35968033270229116
0.6004226294795565	0.2281252410601666	1.4372060117634606
0.24478097497079115	0.10103468662667499	0.3634118122086422
0.690609981673623	0.19857776192870244	0.9661318443129991
0.6996228433248933	0.17563540774617592	0.30790010613093555
0.71135709814761	0.7410703673238905	0.4560849018743615
0.1678752308018118	0.09876358884819038	0.23393503009776573
0.6097462120048015	0.3610900452365651	1.097206484707117
0.28946108604344606	0.08888355487598688	0.2801284653324594
0.19489023950857084	0.10759338851079414	0.2092823118422235
0.15708424713826807	0.1010819784293945	0.22556160871673125
0.16793379790436178	0.11766143046897873	0.27988512810000576
0.20403968276259937	0.11245759975330032	0.4148617244208115
0.26069968394832854	0.08877507067529332	0.3581197652347048
0.3358198843855368	0.15985726676665457	0.8394187979160174
0.1920337458938334	0.09441470059385235	0.2307310651446741
0.38976769350540935	0.23135794978314772	0.3225373962101441
0.39828035820832985	0.13645395033029833	0.7955256560215869
0.49267908462066984	0.15948820009636958	0.24352326174910727
0.4650871392440045	0.22183139624827733	0.3547437400714628
0.18299318344460289	0.1343739384833515	0.3416141396726115
0.19893298211759608	0.12463477605966711	0.28859451154035926
0.8138095016639058	0.19119277086816305	0.5107705041283888
0.3186129086579682	0.24075067418275342	0.32205365581064505
0.30259899231238924	0.11506644080799497	0.3870685881702215
0.6080942622814681	0.12496697801539758	0.36319171493107394
0.8338515646078153	0.24055081198042322	0.3295417313158977
0.3482330641232092	0.1649457393915711	0.7578214404910024
0.18035818829404787	0.08311721699616754	0.2913584485699048
1.306807144703131	1.601715423697505	4.673750663015616
0.593214769450489	0.17265147966847874	1.0192819568085436
0.2442699508501007	0.13863894180164718	0.5120620834695746
0.23634629822953712	0.09566005544906322	0.3661139273389894
0.3040943525373232	0.15082532875276344	0.4789825304308156
0.1455956251095724	0.0867695172570146	0.3251932193748871
0.13615843675038813	0.09396276140853084	0.16552585373420772
1.032153613136848	0.5399516239114758	1.8434879540377187
0.24469667270026782	0.21047017715061628	0.2556634482222192
0.3673449551019769	0.5392068659671995	0.5043067865714176
0.5601916917197847	0.1492083793059861	0.4416867310483785
0.2088308787367238	0.16339125933900941	0.38113890397211136
0.13829694640854226	0.07810229157764072	0.2573090662719999
0.16389955660212877	0.12157396867557223	0.701126229428749
0.1459475273941404	0.0919169625508482	0.549764239358157
0.14298293204393456	0.08381425675564257	0.18065466151667012
0.5660953589609004	0.8033336129285147	4.3974903984752425
0.4770864088228116	0.140620632213472	0.34514664412730106
0.15068786354838368	0.1041254228990483	0.1883189335425967
0.35736191429417324	0.18367119552360833	0.2653260651038024
1.3279130420478107	0.5223193486459033	0.835022939089847
0.15386623209858974	0.10114521465817643	0.25439698010749656
0.13405436916623495	0.10082828481141481	0.24866963094196742
0.1948936681101085	0.12143128875627744	0.3053074557074643
0.6000758377198052	0.25533693197911345	0.45454540776665925
0.24566449462530424	0.10122689209163556	0.3240947453482427
1.1636040944394361	1.0323291661708611	1.6327222441329146
0.15937771332060538	0.1210511331264741	0.20388107501272737
0.0	0.6493937468657023	1.2947191122598536
0.12218424881030371	0.14156921460267483	0.4830753944286044
0.28064199608008833	0.2077598024870808	0.3404691920829429
0.45463684282352745	1.6003486823233426	3.16638317584081
0.1713578438941658	0.11493005105282973	0.23237799966201683
0.48470538921264095	0.2712605450984419	0.5506073544612349
0.14460154318849772	0.11078750474275875	0.422213629758974
0.3244370521798168	0.15528245817433334	0.2877497279032185
0.2643427747287946	0.20816590271464838	0.46444380482331565
0.12625443940357742	0.10989814946903864	0.23163810905393176
0.31652172790248445	0.6225279046634683	0.15387953245167638
0.1623433082805005	0.10684042331947576	0.9475529281231684
0.4585275257394034	0.26613841901657687	0.5895978655665179
0.27177223232584863	0.21435882626455174	0.287491861509762
0.19086596249684465	0.08424926551829379	0.43694321124755964
0.1369682071878069	0.11224837784714162	0.19895488675499606
0.15939357912602892	0.18477005575987251	0.4025635202852511
0.22335702069053487	0.12472510480876627	0.3579253811884231
0.23488698098238106	0.1505951944866952	0.37114171720086675
0.34378164962892616	0.16583421189797315	0.30935527237869315
0.17158637922955627	0.09560460886704174	0.1997660038965136
0.152130789589191	0.08686040786960245	0.19758007725643192
0.31744402484372247	0.14525699425169983	0.17080685874845994
0.15136982319880196	0.09972243484999722	0.21756515443718358
0.15468027237763785	0.1083214354766712	0.7472055803660773
0.15952900576245926	0.10739507541516624	0.5385285052458766
0.17791814526312152	0.11034452293820995	2.824980041028947
0.179120813514246	0.1384943946962343	0.3987222547545892
0.1917530439188939	0.24149699693906568	0.5417173933276809
0.20160589547868132	0.1003171714180724	0.2048318151949809
0.1559836345133338	0.13708793041690637	0.6153753425959874
0.5205062589933006	0.31871372108841395	0.31721611029755625
0.2267476259563625	0.19216431170773898	0.20846209947959687
0.36745217347085846	0.21852237333295646	0.5457893839539083
0.26202213196393476	0.11705468419160366	0.5915349655612467
0.2676762602639795	0.12074048796267334	0.3134845335291746
0.25703976305412174	0.10054631098439651	0.23794323371316223
0.19593562405030712	0.36380142244277164	0.22504345410368473
0.2632001274460186	0.1026946012933242	0.7044356453882958
0.5990406982867644	0.3508411240724855	0.9161414598673187
0.15473213385162257	0.08811005502734898	0.17704166688944398
0.25020862238399644	0.12350251769068653	0.43738193775211626
1.552112431455362	0.6043830152897613	3.7641617201340054
0.9650700068509352	0.3102010224308768	0.35107981779809444
0.16479015213802473	0.13919922994213102	0.45117972993805455
0.3529866993782844	0.16510779016066046	0.6707566186010014
0.42583771306838164	0.7625823813838443	0.32580046253705897
0.26439581941731427	0.18391873487330687	0.19264519428601512
0.13111000190197655	0.09788120503401658	0.319633832742052
0.3147322775705409	0.19597905009388222	2.825169105081594
0.13380376897258756	0.09513896720985417	0.2054969665086006
0.24326149815679907	0.15426684356256415	0.2546131110502353
0.35571543800078276	0.14894781111855143	0.351158136840266
0.16651920999783162	0.13993688402996585	0.3058220660126404
0.23360500352561145	0.09524581119136774	0.9026672282006845
1.043358150564698	0.2428599675516411	0.6147299003841158
0.493214732231506	0.27176656784424597	0.3307168205095259
0.11627260639836916	0.11363207162123778	0.22977235690172648
0.20736713762201403	0.09988304912726116	0.17448765639956712
0.5506989249154562	0.25221107459378045	0.7060659687764219
0.13729199985424298	0.10087541622854422	0.17499845271915943
0.23037574122488522	0.11502483077949224	0.6879968790895946
0.428342037635924	0.28138918543974034	0.2065463927068068
0.1576769105194831	0.08205624287190993	0.156309112979013
0.3247214026893223	0.10718369122425501	0.19710738658881896
0.17539691240103064	0.13027937349265362	0.3661886714955028
1.4147475398823652	0.47729698647860797	1.5214871429681551
0.13310061732325373	0.10711856929547517	0.4260739615369178
0.49930324274698734	0.31703504120798104	0.9753270829586196
0.4242622146137968	0.9713913402402358	1.4267298085909115
0.4734089694236969	0.17912666938517294	0.5921447789644629
0.1830302582419715	0.09655778616878728	0.20443631342350507
0.16558520438458088	0.07829085569192959	1.2028384252496953
0.20882835379747983	0.18839103560461193	0.8214235025671102
0.13303004705228738	0.09459427523342687	0.6300171011223532
0.4371387197383929	0.25580586331790056	0.47715325852065515
0.27263189047355096	0.3871042343993908	0.17048058042464842
0.20489620834583547	0.1156478339567646	0.250510603008267
0.2122320833713714	0.11624235679246592	0.20733830475269904
0.6735172959695955	0.3005113545809669	0.3238494916947441
0.31065749345968796	0.1458153374724223	0.7002223130480352
0.1800655972732645	0.12121520745358924	0.4337106421562243
0.14163413915366938	0.10021961021498628	0.2665164902507393
0.21406899269707655	0.13075801235396603	0.2557205661770804
0.17051070687011055	0.09934665800179976	0.42576463565095557
0.15426479234510632	0.09030680303549216	0.5202959559487172
0.6589590596518534	0.4402379219480166	0.6275312286480068
0.33254219832480103	0.1933352923048986	0.19636815239702415
0.13032047307213884	0.0971513994508891	0.4271643756733612
0.12311461997661913	0.07472697616932757	0.16692559376795196
0.17197150521601315	0.08561173271648613	0.18115192914672335
0.14779498276888908	0.09558073960908216	0.4472574140539117
0.2467514993267373	0.11152172303263026	0.23365337770614844
0.32193170122355536	0.16697803351276203	0.2596356261136742
0.18250769071445483	0.13384314441979484	0.2178179892874847
0.14315535027497275	0.11274141758824142	0.22619904335117075
0.12903692374557907	0.1081006762862716	0.3954623693342173
0.16311688117962597	0.08821775005231783	1.6003006325507796
0.15221511619147737	0.09834972902891233	0.51321628185592
0.14631157551985935	0.11532474274711958	0.4087075595569173
0.38546873389650876	0.13346578658254088	0.7002807068365158
0.1562413938450529	0.12091963661730668	0.2073492264214229
26.85419220896136	0.34646064337451193	6.495524567606702
0.1401012634418353	0.11217329169258967	0.19905451201335794
0.13094547711191723	0.0792356484519113	0.8282415734940405
0.34859905282734754	0.1692247187049107	0.38193218208613555
0.15147820039851279	0.09376478314035745	0.7627380482710773
0.7766539210254101	0.1738189409474009	4.959709915647043
0.1679859987207945	0.0922022722222646	0.2110904302548729
0.16305247386175556	0.10160617029983439	0.7539564781989212
0.23276397885379146	0.18502910919045706	0.22850131686108544
0.12305285517196006	0.09540339450412474	0.33675413430670764
0.1581348944139982	0.1004882938420266	0.18694694325825217
0.4553532969741698	0.23705599227430166	3.603073924056167
0.16938023838717206	0.10781160287070256	0.2481203981072274
5.092646815586409	0.5882619001041929	7.632360905728129
0.9509583560695913	0.16487975378696515	0.5603265899773608
0.21061247944578204	0.1518366789873253	0.5638647182116805
0.14807229158169521	0.11602718479941075	0.1610789824012981
0.5797771290443888	0.2721626268570261	0.4096716155044039
0.15215985933930265	0.11937007981691714	0.2723957179230575
0.14090354508318223	0.103566774868114	0.12485255637711035
1.3181043980326423	0.22811686241010876	1.3938794882901813
0.207739952007806	0.1272583969169619	0.48263567434844257
0.3304690366270469	0.1415142358807574	0.25123849449860075
0.16803678989704252	0.08999183298083506	0.1670011509951882
2.46707029044164	1.050824938197892	2.681381688263671
0.13202809330174936	0.08634149976466438	0.2849140655551916
0.9729901289364097	0.39671325759528775	0.9851097907356818
0.1893842503451977	0.08874140508616138	0.24527281198195855
0.21061169565062618	0.13944498674894348	0.22265639181641128
0.43086599225611805	0.3261745505698459	0.20127235544781857
0.14933122396443216	0.11344345264834405	0.47426736410578996
0.13325245526113924	0.08807574704034014	0.19385478430014372
0.47703832162262355	0.4146304952976749	0.541651584718029
0.17098002290513675	0.10200809183997027	0.19252849517449028
0.1388660963581098	0.08545171551526938	0.9753145396530629
0.13494202995634397	0.10369554389327772	0.5259268034464444
0.9517619586520951	0.4848590942700683	0.5549575804244493
0.15117437612472656	0.08595468898273459	0.22404588387033558
0.3170212014320947	0.21507569225086437	0.9455985160353877
0.45590531755466185	0.21782039003370665	0.14663618492561203
0.14941783889561336	0.0961349017422786	0.2500090269342103
0.2448054245756383	0.14192475753906078	0.6442433245179957
0.14899830925045066	0.0803211554679188	0.5677033001192058
0.43642056871508833	0.20121309327830006	0.5399069899229583
0.1847014700091818	0.08538624507545377	0.23974697462910688
0.14271016203054773	0.09507920522405337	0.30757771436777503
0.17363650161480068	0.08026684730499425	0.3370559720384244
0.15995998588302612	0.12044822228875214	0.25503919353628646
0.2570656676011306	0.1369640248020705	0.26925330403515046
0.8190103106235367	0.21578710220485714	3.668734967935926
0.1513381744553827	0.1006535460657778	0.5478233487497952
0.9126605725087902	0.25573096492421277	1.3164249517853834
0.17968372949785574	0.07602752027663806	0.16882606922698495
0.15363769314533487	0.0794922823086928	0.47579882068571533
0.23617680733454224	0.14000230948550987	0.21580463234187483
0.11463286971471176	0.1758145244459953	0.3097297221264188
0.15314207885468398	0.0899707066711087	0.17922321689159343
0.8839674146814549	0.15894780342845036	0.9052337457570092
0.29071208637668583	0.19673470405014445	0.905227177341849
0.2787110161920528	0.10305648875652337	0.6270726389184542
0.21826907290212	0.15429326652096537	0.374861497385087
0.3755583732449866	0.17617565831807427	0.3119112662348891
0.27860604063566713	0.16711928322932734	0.7209513540097519
0.37478829672677044	0.19934924121782086	0.2467367083864312
0.1448117713867207	0.08122702460826257	0.16714328193106226
0.1303324916942643	0.111141380189109	0.28378373116468836
0.24778443264980843	0.18564878958722172	0.26406005121697773
0.5574427496839212	0.9266322108322534	0.8040197901747953
0.4254913734055531	0.16403355470078665	0.5186983348047818
0.24336555055642398	0.1623140516798651	0.8599643766063603
0.5837684393401904	0.2678998079212561	0.27768743904401383
0.6576838636341952	0.7983049961753377	4.073325788151054
0.25058764761575414	0.13885801857795604	1.1601603527943714
0.4814480197253504	0.10873610836417447	0.3105436504445232
0.32268191672559393	0.4074732338112921	1.4821000095437622
0.15299884731318114	0.09830515266886869	0.18923495436896465
0.11645462326880057	0.09155081975867582	1.126288127961426
0.20564229131473521	0.09665521567130005	0.553420951037165
0.23507338825413257	0.10983023909883735	0.15443293619335158
0.15052367499740651	0.08660934662578339	0.8470287796742029
0.16065717717205008	0.10342566574634451	0.702384864059082
0.13673387469298848	0.10283693302768615	0.30715779380826796
0.2308475784326078	0.10244625144124479	0.17443340903366078
0.316164636315271	0.19873276316969957	0.1933680515679404
0.18589213514088382	0.10515133224022408	0.17257368221986336
0.18007366041900838	0.14291048076698473	0.6500697363997614
0.24530884510247547	0.10008566769278492	0.20496858677409302
0.21230571666664283	0.11516895988071393	0.21712660159780764
0.3768729782863505	0.15378936329878673	0.2482723225449318
0.2040791291736329	0.09873278901087565	0.7093403861653039
1.2818020606862477	0.8797845335356759	1.0496112389146233
0.1552364331263527	0.08629368134916618	0.16322681448223098
0.144057269724337	0.0940277230313964	0.28150736478354765
0.33949262460901763	0.16414271087602483	0.46118311523373257
0.15741306189740054	0.12459791665115666	0.324234927605057
0.23246755879921213	0.10708184535451679	0.21840240112330142
0.3597544598267289	1.6469723559664724	2.4265934737317174
0.38992634415819616	0.18520084502785922	1.105057722207378
0.23583754681361646	0.3056181753709603	0.9961676145599772
0.3031830618570886	0.45985928879352367	0.730533661333584
0.25725426710283905	0.1305126608303508	0.2558678495484814
0.14441332045020105	0.08886423103903374	0.17821641038007013
0.20149335833137996	0.10244383274226466	0.21017055089697445
0.14876028452749765	0.09383945622009311	0.6229290412522541
0.12522367692025504	0.09412375546151647	0.2699207769743609
0.1498258343121614	0.08118645706524243	0.20691750943283863
0.27082656323119936	1.2675437507316176	0.2939201470546061
0.27678220595374486	0.2119768828038852	10.881011579808241
0.1688376565326339	0.11738526254885903	0.3230782144734221
0.36089910521074847	0.15579148353085648	0.5922931977697943
0.1231062117918711	0.07684710846449955	0.28024604451786855
0.1680858647974152	0.2494221894909844	0.20576957251655367
0.1870163380241068	0.1454405837202387	0.27086695673552685
0.8878420388221225	0.42371557057871995	0.5168215543101067
0.2892038646984327	0.16467223424718472	0.22052321017876986
0.17957392234289712	0.11625896426921681	0.31003568473859655
0.6870536741559039	0.3647338424091853	0.4461327191111351
0.15681885626339148	0.10039945594670512	0.5673754577458391
0.14048757887059196	0.104476842084106	0.5200049088879303
0.23973619170810206	0.13047554333646358	0.23125350213749596
0.15668635019291088	0.12285770080837757	0.21902197262484815
0.47160396211202954	0.18145814217467912	0.6085586216222667
0.18456833506966458	0.13142432412086577	0.19268120426542612
0.10558052215250652	0.09134079536559306	0.21246290776131785
0.17339120975739336	0.11402380930300995	0.31099184293390086
0.17343910584933625	0.10923065650507822	0.4155746726032037
0.1811835808340112	0.07759141612155995	0.21117772233971588
0.15697437397515862	0.09015268423381519	0.5910613166673907
0.3089465224725315	0.11860859958767775	0.16807902995490231
0.6783542556620247	0.39228746336727827	0.5320498440004116
0.26226030970231584	0.1647435092311291	0.3441625741991565
0.24127052921798317	0.10418639066714346	0.27197367755128
0.23272898532759978	0.24582365608588563	0.3924839714118715
0.45119244360736405	0.17529197930685847	0.30096719991498533
0.1625700057197673	0.12321127239866454	0.29318415005342857
0.4175875262455023	0.13894767514657383	0.1689328238003902
0.4092555794079532	0.27017056816281476	0.3138321842982753
0.24943316199621798	0.12180760149228603	0.30700939561573626
0.3113459093203545	0.15232096093981054	0.46907790625032947
1.419613729019343	0.44586732537307344	5.9683076525706635
0.20747447188913878	0.12296724709646928	0.28624702818116166
0.5480783921713951	0.15788594650552235	0.21592508866221855
0.12457640356439881	0.08851365796113946	0.4824404761237815
0.1480501071694791	0.11143882440768046	0.3495388643749058
0.34226629078078985	0.1558827186919486	0.1748590908487308
0.2705072176483947	0.15201778472294017	0.48384752386310326
0.3772022384640276	0.5016223070908155	0.9054335266740897
0.36701987077299325	0.17400419379574017	0.1836296806574414
0.4214989941139079	0.17145629261150538	5.690355739351337
0.1641428053052011	0.11690099567823654	0.2051476504329744
0.2599879334715058	0.151591694854682	0.259581713509044
0.426649716068364	0.25431716003116617	0.8577629807577939
0.13111862952571127	0.09570862522242056	0.15379947058108434
0.18259379432708855	0.11858810282210105	0.23951598468182758
0.4736649767259507	0.13710515673436546	0.35279472192450345
0.23995302740122096	0.09807617972555702	0.30365099145621544
0.18136290645151404	0.09766261589384728	0.1939280815914633
0.5129382871032567	0.3062513521225107	0.16299432306586645
0.22790029044801305	0.09629116955008371	0.23227262239856783
0.3653301795804142	0.7022434615473567	0.5254413680445306
0.3389227872891001	0.7616465821783622	0.5097291371231212
0.16835452081019123	0.1053071117402713	0.22145603330233724
0.16993851606775648	0.08768751534137907	0.20960543457483014
0.3436032003737306	0.1427513459131777	0.3259887042439253
0.18848741833338767	0.1276816507414097	1.2489762655055363
0.12462230257944824	0.0767720269680521	0.200244794246841
0.18418069116345795	0.08149087354031596	0.13371411894075352
0.4632871453830511	0.11323620692712058	0.26290852576007423
0.13349107740281863	0.09451810394670343	1.3185504795313752
0.22300332705998338	0.1332446509610451	0.3166848697123288
0.15110078263528584	0.10862216124361607	0.787923652363966
0.4193239950209175	0.6884668418450364	2.0848534047471317
0.28372791543151626	0.1471505629547299	0.506334409272543
0.182102716205388	0.1037844906903188	0.29967362024934896
0.17029629949192715	0.10252222925664321	0.3740820441751879
0.14709050962695597	0.09767393405513257	0.21418297641199768
0.1515231731794697	0.1208132143407662	0.41753017234532586
0.16160019984819585	0.10662878958101113	0.15980628341312808
0.1630370519222876	0.07471483053312791	1.1194999652126705
0.21446806048290226	0.11785359762199839	0.14977763844078723
0.8891725097307622	0.2942183191996063	0.26007470867145194
0.2904601674821604	0.13466955215204937	0.2376334718243258
0.17155302801730496	0.10566850850680808	0.17366495297686113
0.1825770603197676	0.09829238015691089	0.39116892828791794
0.12754792569758053	0.08606697589718193	0.2555982488211722
0.16104324335017192	0.10813815964852166	0.26066634217537454
0.2484892644179863	0.11582301898803078	0.22534054201475096
0.2375586704435484	0.25781993016996063	0.4735496995502264
0.22406335245081557	0.1359454507228664	0.3278598331836575
0.39738729213061336	0.1948912203484815	0.7792737433447374
0.15495942843484603	0.08543382602802513	0.34551334126619204
0.43654291430565983	0.15598505100962493	0.3242943812379697
0.23679339008077702	0.1479417496214077	0.5737529868258345
0.14524486467297257	0.11299471409052783	0.2863758151365926
0.20909443589978507	0.12308444803266315	1.1360280172569701
0.18848338529265996	0.10815948108795193	0.20117726577717687
0.15151992436811987	0.10623699312582793	0.7127254076534624
0.20953790130546235	0.10832451365310002	0.27204442952456254
0.4983781077880338	0.18505522946707556	0.2855441079864392
0.1373288430339776	0.1555321552785683	0.4872285556729439
0.16340874363812843	0.1119598921258343	0.21615149576463225
0.196609650686648	0.10994566842626345	0.195054608841584
0.15348532423765002	0.09333609892354722	0.41041316882880163
0.33312229057166476	0.279242581857133	0.434163930521153
0.13492515209657582	0.20839951224117556	0.22342052073152824
0.21870514029680307	0.14590715185766012	0.21309865195782035
0.19915025308140757	0.09090077139959045	0.4105819112975425
1.4224044358319419	0.4041824796010084	3.4466187081278745
0.1392759853837916	0.1186413585383987	0.24976128617040688
0.16065965114595482	0.0964026526628288	0.23673948799538058
0.1480172329085115	0.1184049844635188	0.22729471337901722
0.15698342555951816	0.09328330194538392	0.7522029199124167
0.12681006230842304	0.09750162996899232	0.2323442844513095
1.6620679331166235	0.5211158022141245	5.4845271071337045
0.1771690051894451	0.2406540024967344	0.9101527726929306
0.7765377812330396	0.3888475384736085	0.765292332074001
0.36778961683820616	0.26119317688009575	0.2165635504421912
0.1614833212851686	0.14269197226564678	0.7730062616858355
0.22450741361499466	0.1135699166259525	0.743859122332226
0.2123101220617817	0.16797078990926337	0.2466647161842633
0.16611566105062076	0.38638085064816596	0.46465660035394
0.6419748087847446	0.2769982721938839	0.5834202038875173
0.12093897452518747	0.10367625785029465	0.12684458529311188
0.2539544797310515	0.15010890694648338	0.23766616282097702
0.17598388820180966	0.4628702492427671	1.5234256688289283
0.5616251416274726	0.8379379336973266	0.42415414252903905
0.42509965015248535	0.20326043746152822	0.9109926913370632
0.2161147063048423	0.1144296725568525	0.44877786998518476
0.2850428905342144	0.17437383882109372	0.4023074790787461
0.6897713458854909	0.21735102141219698	0.2857005340447909
0.30719518361245185	0.15026474864481495	1.2430662099265506
0.16541043946655515	0.41589346372425584	0.1970545733065182
0.41777368263898723	0.19712572823997998	0.26854632338017026
0.3589211608579573	0.25424195753932194	0.44315196639148025
0.1818639729159844	0.12292642094311317	0.28325624521059467
0.9400341277656918	0.47447526844033633	2.249712313054455
0.24579686932041672	0.12464788612840887	1.3449318295295059
0.1439039143601757	0.08978535767068169	0.1815669871069316
0.3870989529806386	0.19966341159007078	0.3673399333771101
0.16017451634027063	0.09826162264726526	0.15691280826922563
0.2224272734331687	0.13130291857764093	0.3121034889173653
0.4908513641453145	0.2528555799130973	0.6881601735872018
0.14821056212804892	0.11398495949638505	0.5427509921984126
0.16308443640075965	0.19106244119176197	0.24554570386756425
0.15485752546278947	0.09019312947655185	0.18380897466250862
0.15905675082046294	0.09880665935207167	0.3005639785806922
0.21955538131525215	0.167886636549829	0.6230811130909764
0.23183040256862558	0.17883149797456716	0.2394368331445646
0.17642542171740763	0.10829851343281341	0.23771986011195062
0.17342352857452065	0.10164559971053304	0.5011472518130486
0.15393888085478086	0.090426700200963	0.33049018697286975
0.17888610697274057	0.38642199922482545	0.7705281002438256
0.5484116853043646	0.32017954161994794	0.7097584955247755
1.9821339222169716	1.1626911190332485	1.0078593947842076
0.16695781704868745	0.18631102562444013	0.34576415737210225
0.15538087781327786	0.10812470208177882	0.8607523756176294
0.39423257219054064	0.15944446119776404	1.41281694837184
0.33394624610641754	0.1930027543236007	0.2074609843422486
0.2467126330774248	0.23485653354301053	1.8428228205318158
0.20805818238341453	0.12415604254282095	1.2726011072606411
0.1929183906772943	0.10799103490222133	0.20508984313595816
0.39048329132018844	0.3259974872176147	0.34593718500659115
0.12521433547152155	0.09156393657721751	0.7237012165091312
0.14423517032013614	0.08902075927577748	0.2015310141340123
0.1965891754728167	0.13248797023408548	0.23493426358820813
0.14609645491678216	0.11752469076678111	0.3316208666663207
0.3947395088988457	1.8540222763384389	0.5674849882676263
0.2295611511888075	0.12690461061323843	0.26321519314036185
0.33871928723738337	0.11282395845128357	0.31356252486309744
0.18107381025736208	0.14512533204157071	0.6551290756606165
0.24190675957559463	0.19796790604376283	0.46054636298439355
0.24239209129496644	0.46402295875380223	3.5296115236001278
0.19166275522222093	0.13783740715893428	0.267080728342324
0.2317603485363744	0.1794625121899879	0.2004259273747484
0.1735742628889422	0.12417891672189726	0.590703513882912
0.17535914855533216	0.09062361835035787	0.20518120529285508
1.425049038973395	0.5754001517449664	0.23143471770710708
0.1466425781998374	0.2325060580618836	0.39863345766707003
0.25950887032946274	0.3447327257601229	0.23173742652385895
0.18751488080067177	0.09435577435504806	0.15693603467232148
0.30398619229656765	0.09786171165272166	0.4664039036078984
0.29981102461544434	0.12399560472322955	0.24478624593467185
0.7524246339972154	0.23616550598277403	0.23428229216840324
0.19774977631522211	0.12749472564385117	0.35314610823477316
0.20575139217695035	0.11836594734515775	0.5545366818129026
0.29223739104783436	0.10793071341446915	0.36881407951052536
0.2797265460003128	0.2080549723182979	0.44991704928347587
0.38307198472747167	0.17068537091108413	0.4644780737381078
0.4087142637890765	0.13747462546604575	1.0862597089366064
0.3428809007988792	0.2679802996240809	0.19509675594433865
0.20704623135456207	0.09469010123497543	0.20584049861516546
0.30007188555989855	0.11597436881227345	1.2089690653906757
0.14229684975567589	0.10032996628731662	0.26159804541997034
0.22869811327390704	0.12830040046580682	0.2641603020378218
0.34080126928037885	0.1375837731183656	0.2834624138737457
0.47304616806107935	0.26490855883839204	0.370434768870182
0.7329906370494466	0.4194056156881761	0.4672120535137211
0.14508540262998323	0.20898445694655196	0.515739823167729
0.22357879775453662	0.1183860405206288	0.36325892054360576
0.14039836830549904	0.10846955365698828	0.4326692815376778
0.4847447000487144	0.25255126413817847	0.40918067037970834
0.3008380521078957	0.15250421823860796	0.32237034677529824
0.1868857785261051	0.09943639015192603	0.2445043162651454
0.35171087196650086	0.29364794286818696	0.7471023450400063
0.17964862021319578	0.1410361899277417	0.38780803018372534
0.21086367724658694	0.08131871376276872	0.21147017632274354
0.39496490710919313	0.16072360887823225	0.23874577666284663
0.39197822988655645	0.18721421463118648	0.2515784673821649
0.39847941950779536	0.1995671332338363	1.1460721349418708
0.4154015441298702	0.19135652878416542	1.231116882636126
0.18030214319498525	0.09712395573595468	0.17174753940654164
0.19241298201954596	0.09942629496047706	0.4285140291714855
0.18472447689672186	0.11033727449980571	0.2785826611538229
0.11768375507352581	0.08804133933446746	0.47387975407145844
0.4096143610880671	0.14286033936981674	0.2607708805138065
0.1806157319906026	0.08133634868743565	0.28436405750963767
0.17788064720254884	0.10181796460374361	0.3100196615464662
0.4241531497818397	0.14598227198634825	1.0659337007986798
0.1899902149131493	0.13956023713722773	0.3117131533263242
0.22426811714364409	0.12965617785343037	0.2872398041521707
0.15714524688501075	0.11654631142790718	0.2728752097118756
0.7281395175216006	0.20644717810630242	3.3844719895362596
0.13574386896638957	0.10107579383215828	0.3931509879156754
1.2300404772443596	0.4058675462562253	0.48195292494510866
0.13987369127051621	0.08891804302251793	1.0119745360053463
0.19941718373874323	0.12839585303614584	0.1998344780795297
0.5223980414411351	0.3920222162900907	0.2389399777210489
0.16622381579489437	0.14095759018742238	0.2252187233952498
0.1657538261663697	0.13054224026321423	0.16339448858481814
0.4622439630756138	0.2777553373627053	0.4599894288624302
0.12969434933262028	0.08820772238410117	0.17432291027234897
0.1429141953084719	0.0885262097417664	0.43869798743378907
0.2849895642260584	0.1414561094126077	0.617676491294061
0.26161635671708194	0.14886024232798897	4.3081942708711605
0.44032207128429246	0.231793111557473	0.7438140989612511
0.36324419672969127	0.18607883060024039	3.211307039148341
0.18256790683614954	0.08371878355791613	0.39889638728990223
0.23730366009406614	0.16367307943011067	0.49684577983905825
0.1697095163809605	0.11302764768300892	0.1351716729690345
0.20593609964308635	0.15199503187093016	0.1757742420687351
0.17045111985740477	0.09368506588573204	0.2011817668703182
0.13550779531649917	0.09949605417457895	0.25169867510695965
0.18520503938869884	0.11318097972924272	0.1366991343508825
0.1682719427631923	0.11045110087631373	1.0258447053180615
0.49785982202704554	0.2734600148480193	0.6606671138091007
0.22627860985165058	0.09318540885035648	0.182697229352482
0.21715061793941973	0.09377875673192611	0.2992233024204422
1.099345368496796	0.30165760365993655	1.9595316065839632
0.2295335162501444	0.16468716491862376	0.23257437651346888
0.14983130211247425	0.10112779227658003	0.9338969167030938
0.30417548129802774	0.08865600383106423	0.2779610250969359
0.2139240450072908	0.15686035415463154	0.7965762079412397
1.2525213930799652	0.4117161779193619	0.4381695440771948
0.13454952667730122	0.11144274914969039	0.21981382912732128
0.9353413499807302	0.2680885630991183	0.7218157891519643
0.13830314438821453	0.0885245734838307	0.2417232015483035
0.14736987883191516	0.11521393777123864	0.24166946673080975
0.14066401123328495	0.11674595392436536	0.21246919573019937
0.33163682483981466	0.21674488613950396	0.5230137812933655
0.30664004526949595	0.19788902685945728	0.35965615326753
0.42386102914749696	0.193198845283735	0.32870539711075947
0.21776263971413656	0.3002758708198988	1.2061453857899442
0.13649750859613702	0.17098898637650528	0.38349520371775364
0.20646408819216902	0.12165071922464774	0.22226978862138574
0.3108357427682917	0.1764640393655729	0.4218208124265297
0.1359206356715731	0.14727873583448273	0.4523126091777745
0.4806196899904899	1.5008339731760703	0.39203715504579445
0.20481388599411715	0.11624867169854199	0.22769889248344827
0.1666594875741716	0.18171997359055028	0.36591849275443844
0.27878040905359414	0.13432072356296446	0.22197559605054912
0.12602090373391	0.14277372892317894	0.52750386007183
1.698357993415702	0.20240254837483004	0.2540657250774534
0.12871481457801734	0.088675405732671	0.502409048160962
0.1847570525848457	0.08166340102837465	0.17951802943667666
0.22481284906608262	0.1190969784120986	0.2397118776376455
0.1264328219196683	0.09111378411062421	0.24940472413720993
0.12984621462389764	0.09065112939804716	0.19213986598608146
0.22142413176407416	0.12688047894692794	0.22639393479892783
0.14698713664958551	0.09458311904877612	0.21419924937635457
0.5431683195282131	1.279607527692049	0.8418635410931922
1.993508154958069	0.4702577312872738	3.340443814460632
0.7352389017819264	3.2834205656664857	3.1164239713658057
0.5900556715469696	0.15402332714900807	0.23302584339806665
0.20179800660424776	0.14007143114090564	0.3364042085684299
0.19149807467200788	0.13680242183529256	0.2826428051966647
0.7188501612491025	0.3524321407207378	0.3367169458444307
0.16130738138396475	0.11794574885536362	0.2732652706659132
0.13876691479263145	0.11311259645969378	0.20751051737328569
0.1495100836742747	0.11607081494450881	0.5859106709373438
0.12254812023185707	0.08978725287888437	0.2342178607133571
0.1829264655233551	0.11707976721727345	0.2996578350808764
0.43353394340924944	0.29200464548179206	0.41023247337079094
0.21544380730427853	0.12078918864184807	0.48580721430183366
0.13747624230422328	0.09763114939796241	0.18550386647850786
0.2880770988241511	0.45207660476282513	1.1474525350390967
0.48303533683431	0.37617515914527	0.44972713102197787
0.17001334272756874	0.11727466299962583	0.9043461556704316
0.1933665972892299	0.10701251535541555	0.21293924637993897
0.22064639505597378	0.08864702186872958	0.14770262777875132
0.18214204854651606	0.09223526107144495	0.2206354779490038
0.30254473044159935	0.18198514137493585	0.38378716928157386
0.4515819846679412	0.29349752248741356	0.6022444515351137
0.4553363674866037	0.10317386789926779	0.3785824877549806
0.210284899404794	0.11593702144659093	0.2765720949497553
0.2409612499585	0.24521173997458495	0.4000960595337736
0.14977513737877152	0.10557057066755461	0.29511780250097785
0.12276778587374941	0.09040403576746915	0.43725261746228933
0.16625155011248632	0.08560630864004591	0.15430141476607925
0.15391347495096325	0.1265342010845593	0.6565612000711695
1.0360358868359445	0.5709611858529401	0.7419379684503832
0.15454894875626488	0.10286292925733248	0.49595070787859113
1.3976475625336628	0.12669474624332258	0.423469327839504
0.14423482881749583	0.09154924293703952	0.2639983796111687
0.372048491452822	0.14285711933655892	2.7948891618738223
0.16549432672584993	0.11028126784561715	0.701076261438485
0.11343473291417466	0.08090968594067062	0.2968051549872224
0.19346834291813297	0.10752592547832503	0.5952534079956163
0.17148527279536446	0.11824728797553452	0.21618226541620805
0.5571338923588491	0.2832752181325859	0.7919258491997372
0.4910160270802299	0.6688363561898877	2.6382374513871234
0.14237729813727174	0.08671921545243853	0.18228530210247523
0.24964780791866534	0.12240476438047883	0.2102141687380644
0.1850931955834828	0.08875415160856194	0.21036610207445838
0.15767473899526152	0.103037180531059	0.26217263330469465
0.48476267593230277	0.459845996135628	2.423883541074395
0.31696195409268935	0.2073459418607274	0.7808514230707435
0.17948446555620412	0.12510766999318046	0.4395415474928881
0.1774382119650001	0.0988579285064851	0.26113258849663334
0.30012557374976295	0.4006918587138901	0.3407535466581386
0.29969994787294146	0.6223671938367281	1.3989233035697355
0.17202001386446375	0.09490309224504534	0.3785631745362369
0.3424549546917816	0.1646612482355966	1.0142973343267967
0.15767229738999775	0.10291400819762041	0.23197084387812922
0.19722491633483175	0.27185982651778057	0.4436888061970475
0.17881359183012	0.14995809967356596	0.30597713790575154
0.13621402940897565	0.11770588196740371	0.3285928110390613
0.1403327879706553	0.10660484036192207	0.2516674247084465
0.3177436356784891	0.16213583636352327	0.33448629104482275
0.17707910767998572	0.20277675900059025	0.24924771823427166
0.15227959565049337	0.08569007440423226	0.504829189331272
0.32014314526767784	0.23211174427880615	0.1637326065425305
0.2544847014446243	0.14009762008885712	0.30777678127847463
0.1718783791181442	0.13350723772557635	0.39730841832101504
0.21771147865921214	0.17066847144491054	0.29160911601628525
0.16096019932515054	0.09692097019777932	0.2826044662198623
0.1756891252698806	0.1011420069158689	0.3145462987861802
0.2822390137215147	0.11202434141769664	0.27330121996370116
0.15009811339965867	0.19978411545612035	0.4623885188300255
0.26533265776730913	0.1467533372390639	0.8404542690852774
0.16936215588999476	0.12319322602703256	0.22852664686921711
0.23332157622741345	0.684145109017513	2.439855091608609
0.20975886954226258	0.12171695307631435	0.3042020137012991
0.14728288298156916	0.08911521625071438	0.2066469146385326
0.1193280953051504	0.08545139120382535	0.6404109268603145
0.8087299659083662	0.3932051651416768	0.49713921269727523
0.11886876258255798	0.14089073491177534	0.23052580322216237
0.22415984429511668	0.1326288695901111	0.7169615912084722
0.16744058382523067	0.10140585662164063	0.2180150592026356
0.24348629586010326	0.3877612833157315	0.4858028717199364
0.15354987317639007	0.1077775669317474	0.6633734868186114
0.34084161970416166	0.23257585980524534	0.6056108149723802
0.14388596623735245	0.10974102170499962	0.27034441714982294
0.4145336146755088	1.4087916529108186	0.21924099753348536
0.1822569534606812	0.08164463802009818	0.2463917999061025
0.40545847432303256	0.2005736464227402	0.238276325004859
0.12557820188618526	0.10445537685588922	0.20219450186677815
0.34368878376396805	0.24839857795560272	0.242054995451109
0.5995186331299288	0.3169670819838438	1.0727602679083645
0.2562596894029039	0.16239567255861376	0.25506639469419956
0.1605690157563853	0.10967052536155084	0.3549371064206751
0.12308705507647824	0.08295410111318854	0.4903548296147313
0.15489330116304187	0.08911725536191131	0.35414142755416417
1.408177225485102	0.33471236279756844	2.127440573578383
0.14591370176959126	0.09951534552639528	0.2036135496093795
0.6602246123951528	0.24873667820879686	0.3233758547761982
0.26316784821470723	0.19092918025570232	0.33517667630104026
0.23156746425747654	0.1669945160189207	0.3860079145420093
0.12165616809162755	0.09957619140519339	0.20843031905091094
0.15454661816347479	0.08588280810407455	0.2972869688454749
0.23034533700754356	0.13150030429521203	0.3989889047398478
0.20515372474782392	0.11546264789715088	0.1913079836011241
0.6678929455242943	0.7208258884778471	0.2504546568164828
0.15205898495963766	0.12338242336757227	0.24211987623781445
0.1976870456775169	0.14775192626957165	0.31548113475169703
0.19991054550940796	0.12862966211329738	1.665974649578845
0.35976262686075616	0.1619291768991264	0.35407655514461167
0.5485580725201595	0.22100140702279628	0.3307062694749563
0.2923506519430278	0.14073843178847337	0.19821724938631208
0.40655362891680913	0.2088538010038464	0.36687931024218423
0.2979481166056946	0.14722292850782248	0.31580607040374875
0.16554604768265266	0.0896097765124077	0.25068933241079805
0.4594987803378187	0.2223416924235205	1.6622502486463873
0.23628310229472357	0.16166996105810386	0.18237778331679333
0.14825118219251332	0.11550576054546025	0.44889900051020637
0.22311611651525814	0.10164314942665302	0.6383302220784295
0.24630502947255134	0.1679849992498264	0.2636396475290538
0.490607353715907	0.2774747009301059	0.22543448775788888
0.203028719141618	0.14755176352345223	0.4004657172811988
0.20728832010517795	0.11046142071374328	0.5199437643537915
0.5889300449182416	0.15409893195909807	0.32499638395853914
0.5017358977151112	0.29994816505643784	1.892089142501919
0.18230939454551606	0.15424726666120092	0.4316323147864419
0.4665722331356595	0.29327556496460105	0.3148674468709087
0.19097842620399275	0.12579467865306537	0.14960312362344266
0.14547626644741288	0.12825072773716673	0.3787975787878758
0.1826968703356611	0.08690466402917534	0.5656995178389619
1.4575334762530328	0.37088167906060193	1.8208764665120314
0.16976491758650453	0.09962722660515005	0.4015080317588442
0.1485941129214598	0.06975194141828521	0.5904812616828395
0.6266004887002726	0.21628509706164611	1.5288219469974513
0.2130933259855416	0.11832673184806483	0.2738048467809344
0.15650621338737938	0.10965821195894179	0.17862594563327208
0.13917298779913231	0.09747559523149094	0.40026178006458113
0.3696493556664929	0.21143665651075932	6.792742244602629
0.1318727847551164	0.1922454178320555	0.3745281477097908
0.16703827503222263	0.09934917111419621	0.9337943319087575
0.196352283558799	0.13961942618008227	0.356041965327408
0.5240117402560817	0.21614735827766746	0.7041835515748355
0.3405300487993957	0.1960688530951637	0.30453855381612305
0.4418544832816493	0.11473844133024011	0.45748399797559636
0.5235367008454537	0.7571253203626678	0.9053317591860341
0.327253890827426	0.2335215734353731	0.6877014571437968
0.15643333781994245	0.2310259542762846	0.6603364037877503
0.3341893851203204	0.1366864228518689	0.34551280704072646
0.5234325462304481	0.4108220684697767	3.395709144385312
0.17676062367016696	0.09072326806983949	0.4655349805649459
0.14804973933449533	0.10606765250362057	0.5164437964551121
0.1715678228109438	0.12639909442029937	0.21868197689755617
0.23973216838754155	0.10317928629627404	0.2824352622501772
0.1731831833677047	0.0935525792437799	0.23852172872246036
0.15630315290927047	0.10321224832242402	0.6941545552245729
0.14705184845902833	0.1099777889419662	0.2593097285957018
0.1239327202772987	0.09915621613172401	0.2075046793986688
0.16164692944351883	0.10024714468588652	0.20777150880035633
0.14316831154693951	0.10353842078371682	0.20271112135381486
0.1723794807207997	0.22378963855829595	0.31486250555531625
0.1857137761067483	0.207589166010211	0.3709523611326145
0.18582894720028137	0.1358820052517403	0.36490374207396203
0.1343811712310915	0.10596890835458236	0.2749147356711446
0.19510936402914908	0.12840702398043444	0.3739730301274814
0.2825811985166524	0.2383318689871219	0.2630499635116448
0.2055013149540745	0.12987790673277366	0.1887748103148485
0.31879583496082636	0.4578465147941279	0.18005844283723854
0.17510158494620892	0.08284929225816288	0.1839473922430257
0.16829912040052109	0.1205388739649882	0.27125312257906165
0.4230449593133791	0.48794433641138124	0.2016881193803614
0.15885261297203776	0.09326816066244702	0.283037207935407
0.18104846057433635	0.10702218469582506	0.5144860849930495
0.15668268460902066	0.08378485660059216	0.3726505215205307
0.1545014467894577	0.11264245962912946	0.24430194238754466
0.1623977640873601	0.13009191231343267	0.2660670334636494
1.1846028930181447	0.6625468718073153	0.8552057722462598
0.20553267856435378	0.1550032954740827	0.48990274982913273
0.1821324058072371	0.12677888236106255	0.8450871804545466
0.19769364001474365	0.1292178775127383	0.2771910272233935
0.17954801217782645	0.30942067324604977	0.5801837459813963
0.16076411818176997	0.12359180308940389	1.2091378006421878
0.16066771270731656	0.0899302048717709	0.20669656563434707
0.6657153292825162	1.262132917559844	0.7256709923927974
0.15202629203563095	0.0878015251345473	0.21771195214517378
0.13248413470917067	0.10673512674847209	0.6408747738564017
0.32493351202273935	0.15212958015042957	0.28380446702970547
0.6038720649364403	0.31700991324929173	0.3975174488667742
0.397204435907493	0.6994885089482501	0.33630136308230996
0.2808651945038734	0.11437454648748979	0.3324298870556859
0.1834989716072865	0.09136452215386168	0.23852492098402697
0.1624703668509908	0.08582818996912342	0.4429217265087662
1.0196216047640332	0.2341175885589811	0.5149354289471012
0.2607377045617585	0.11995634091435674	0.5968443563905643
0.6459184800154926	1.3555824189252639	0.6146285639864404
0.1504378960732526	0.08329420353741665	0.1902106024894593
0.1475050180181184	0.08856935312986848	0.23464051266719899
1.5543264505013348	0.32036807226076863	0.46534957435052116
0.21094075861244296	0.11100502423854308	0.32395311293220985
0.33755317340479307	0.10419812315796496	0.19284284280066455
0.17200867078045018	0.11939504004912008	0.25597135203607174
0.15620010549063104	0.10330823599551668	0.3059998873687205
0.32151315420689164	0.8711992224281967	0.6743836031879724
0.16725038295989667	0.1115329202001685	0.231007188299021
0.12967266956500872	0.272368687325636	0.5929042798720137
0.42953947565634637	1.089279811955302	0.6699730914125671
0.1980352581343993	0.12047058082331825	0.2314614531205462
0.2133499262894072	0.12226896891908207	0.3126650629339818
0.45413925956908757	0.13593388014487773	0.23546479915223534
0.4569441118244895	0.1832487868265559	0.2567766082412227
0.24711449412465356	0.11137058443295045	0.6745314905403414
0.47916077748028874	0.2235140913292287	0.3681510268105759
0.4163158564697248	0.8847625715191187	0.4439205797113808
0.14888882920594274	0.09711704357193164	0.3811198765742392
0.2380843714934819	0.15171832784879274	1.656791115803034
0.14816173929525142	0.1382320455120063	0.36733558843833514
0.15971542369745545	0.12198306978526081	0.5518875672555847
0.19907830457963607	0.09139041211750293	0.22383811923543695
0.2473682973444434	0.1482138983020076	0.24776292260572957
0.15735695420163495	0.10845904128768963	0.31764859684198576
0.22112701619627934	0.16759838869662655	0.3320194120773863
0.22875523986665625	0.18015933621741925	0.32134208103745676
0.12311155825115716	0.08290435459965591	0.5482716477755689
0.1686771129887326	0.25571457529776087	0.25178737158516207
0.21365634017994026	0.15730699006103732	0.34384348103717577
0.39356628776829433	0.12776909616699372	0.2572882248860371
0.21517098840623888	0.14897161320039914	0.6400169106967852
0.12829624651901694	0.09659595551814985	0.25895849341182886
0.253590422276541	0.09205125283146083	0.42867210397832056
0.17223209703622605	0.10692027098821132	0.18544971425464463
0.1708822408950978	0.12092312734330596	1.0746483263290303
0.18624394076572195	0.10376087654230748	0.4969793131548994
0.14538106845508558	0.09916394946489838	0.7160801536106509
0.9658921129079902	1.573966388448276	8.458782380497512
0.1895528674333683	0.09197928318750606	0.19807708821999864
0.18437816905705076	0.1000878643358234	0.24139356755621905
0.1395086472602615	0.10121107061635182	0.20074837264773904
0.19660131778432227	0.11089300058010691	1.0193587885185855
0.22652304288774186	0.11853493999957332	0.32546794576424504
0.19868285364038188	0.13111749914817714	0.4804733374261835
0.15408318514765884	0.10898633299560838	0.44487673083335383
0.2509105197165185	0.2150715648150948	0.19663585680553292
0.21406060629795498	0.13206029937510982	1.181882066840089
0.13801865856317214	0.09887156948526234	0.2451383866437259
0.4961764171651489	0.3513942408730138	1.31696860477259
0.2407589892964334	0.506749507089361	0.2534873401854605
0.14936193794561234	0.09014736532330964	0.3755416991321754
0.7644560330388186	0.2781066929591287	1.0238855354149876
0.17652644492580818	0.1075804578698433	0.23405160209284567
0.12790395150717948	0.08941115929563066	0.2651783399468549
0.13649614741917518	0.09511145151281133	0.27376779395471373
0.15678740448949963	0.1052153264506523	0.2621973802397707
0.38578777165358435	0.2108477257023237	0.6653465065385918
0.14300971209792407	0.11090345069978019	0.4719370680399424
0.14809386261865465	0.09403971748805176	0.18544832493269697
0.3334140687137353	0.1462424189763697	0.28084670845441173
0.15743575077729505	0.10679719606563656	0.3049147248541131
0.41646400380876314	0.8189474601762393	0.2614288625932709
0.26260718662543114	0.15456220676325003	0.9349120981095846
0.24826495547117786	0.13144060173551902	0.16054460648233193
0.7439579395839119	0.3968594496946868	2.0152990367642745
0.3149730276784886	0.20614095478711505	0.3086285854695685
0.29929649312011697	0.1690684921870635	0.8657546716908713
0.21563122404123838	0.13929758586460625	0.13043719086124028
0.21060404532924645	0.12722997729192942	0.3408031846165376
0.36737081913429465	0.19559373819835688	0.35392165534723974
0.17793759912478008	0.09706780774417005	0.2009059952711249
0.14719049092049374	0.10509855861175196	0.47421837079510676
0.18599073876734673	0.3435012636595703	0.6521478300416588
0.21656118507677133	0.14213818959844213	0.4741099278620151
0.10123447195459005	0.1352949540075501	0.23611036247773626
0.8061115090117215	0.258644847014047	0.300116442661565
0.14191640758307109	0.09173515548469659	0.2838705921954687
0.145217813844232	0.13132634969451878	0.3140610747816499
0.4214260223201404	0.1659218857040454	0.354327483498434
0.21913707221505144	0.09742527129998621	0.46165366364022503
0.16483666830992702	0.11976944372177989	0.897843059439465
0.1408725767942924	0.17318628887993145	0.31608074986902535
0.1474454982592989	0.10621193229722407	0.30013152894402184
0.1692422285734546	0.11141654093244674	0.3944366389490137
0.15853844199751696	0.1047519979821317	0.6234665467301526
0.238743103172712	0.14786448727585227	0.4990522577755173
0.28981412297926074	0.12612170588407787	0.16595450546233392
0.5172340261263432	0.13619356642659705	0.4800557394941626
0.8559976210770097	0.1644904679337799	0.22735948090186786
0.19901986029564922	0.11416233397389083	0.31975153724468
0.20138931099610488	0.11192563937574902	0.4420288874768681
0.24574696813621227	0.1322462731528344	0.32739858746374023
0.18320116241786083	0.14107853752780308	0.21032559016433555
0.2321694051030135	0.17437324513406238	0.34992810594494383
0.41676177703392775	0.29950798706339693	0.28124623329977116
0.16111756248868014	0.1173223126413456	0.48689673328543326
0.25534599195176494	0.18564865563664032	0.3596073256106409
0.16570797028482362	0.09975257852268667	0.2617243224961618
0.20079089434464992	0.10650384610852473	0.2968130154577215
0.36431917727093144	0.1265977293775803	0.6374755235025099
0.2042260359653476	0.10526557071433676	0.22310125906740802
1.874977269501426	1.095179674633015	2.1862339223978866
0.14678993111052444	0.12459053715197908	0.33041544629730507
0.17912802406422648	0.10531071267153418	0.2488490127849142
0.1516469885738323	0.10328424965678479	0.34407768830433105
0.4489077010132077	0.2663347573924407	1.5809492766457816
0.206306043835068	0.09233917868801271	0.23169401666455536
0.4184392999119359	0.21954258150559275	0.3018563470516614
0.19942875172607347	0.09492825470940933	0.22243091774532867
0.16565056287690968	0.1065799874689703	0.1672793788318892
0.22326894449930948	0.17961816434217778	0.9355396701576206
0.40040639166900666	0.2763348545459683	0.21196086443894652
0.537365011431738	0.1967130332485041	1.8130548852682518
0.25008938163492106	0.18052392698919206	0.8206541320746064
0.32975443838780466	0.17346347702682322	0.24054779066180082
0.12445820103117407	0.1326868449339867	0.444364567669872
0.2250257747549187	0.13054896212677466	0.1801275751457701
0.44842509891252325	0.5685611854274092	0.08758003115142665
0.8411559612450332	0.3053934741173367	0.7084675967007834
0.40605186623869705	0.22881831765985877	0.44111938158784825
1.4897968942493949	0.247459525450372	2.07567050231659
0.2956279456847912	0.4309730947091245	0.31569945116106324
0.6046516661708073	0.2908168300423528	0.48762661959114895
0.49741320007646744	0.2591595928819959	0.9243332524432499
0.1420903779960061	0.19339976811778403	0.45964919460100545
0.17710345955437626	0.12298068775885841	0.3395578767670552
0.2384871728591478	0.18466279897034216	0.32377448915769547
0.18431448086750077	0.10871212988845154	0.23841925556968566
0.18576846506703446	0.1037146000982633	0.3149708799708205
0.33188315655030437	0.6811245063274852	0.6785879345353658
0.5921444684563852	0.42389780151271833	0.20256190941652638
0.15845535078455125	0.11065884060994904	0.3817224071062981
0.20292167051536564	0.09623408720053994	0.6035593582826121
0.18123726522336	0.1290662208661998	0.2531264503374545
0.1488355950438143	0.09514715661707938	0.5980796348713797
0.3071736771319631	0.12257254544037346	2.5174991936832063
0.6369346310540358	0.20125709816592588	0.46281251787421585
0.14997246448728932	0.13471907511775996	0.2005743213068607
0.20662446804564252	0.12188899329552542	0.23574957309664768
0.20841971106605264	0.11199021709121795	0.482905807926291
0.17586034131866268	0.1502403678692859	0.4174090692741929
1.8642775722054346	0.49981631826983763	0.8038829595175451
0.1382172619744727	0.10037886247294661	0.329918099934671
0.14819838170250213	0.11773132331171861	1.3599861438356227
0.15983933874079828	0.14572219440134396	0.16371007838528928
0.17477554561555442	0.1395753780011765	0.2834184397937404
0.12831391353081703	0.10018739223622572	0.3936691405966666
1.4618342693452278	0.21422685269153066	3.6135913115116294
0.34116288674252676	0.17683619756623184	0.31572952271126997
0.4589305366257455	0.13661622649538346	0.3097557515097132
0.3011867998482396	0.17474899779619896	0.48905605824238924
0.29652976213637755	0.10031739836422593	0.19374061373817597
0.3467597900597042	0.4229775750705046	0.32927746779281974
0.12523515717611608	0.09840594849143765	0.3844822755876688
0.2554280332441948	0.18893329343175908	0.23520126507796102
0.3334989266737944	0.28749790233673544	0.40593486289422154
0.2808955728393325	0.14902039489736027	1.0963384734931738
1.9125962642178642	0.3005670319538531	0.6150821136700415
0.23174262477192278	0.15358650068126478	1.4167393932353247
0.27999285426323706	0.5312797199756251	0.4541672460572836
0.2500853129009715	0.17397892596073197	0.7131294779771975
0.6400545096302296	0.003173089659494893	0.5223694532191971
0.5629804663077356	1.2233306779375757	0.7413736644165962
0.5072336149714246	0.21501691159075753	0.4753225846214525
0.40022387629347234	0.20864329132670212	1.1095965945589439
0.13763322568866787	0.08581821198286467	0.6053762217007908
0.5978477801071888	0.3272872160743969	1.7473273740737563
0.1964301265170833	0.10443566665498694	0.6758944116476819
0.1452879470436308	0.09451232532692594	0.21254799371333105
0.2128043862279736	0.14998934694921265	0.41343516266911673
0.10782313125021506	0.15256573688047367	0.2542491233590179
0.4864198600583258	0.19752035949910346	0.47323316878738503
0.20716751268405295	0.11118873275614966	0.18984129233304117
0.26845363910824876	0.14899433953509048	0.24008376799946923
0.2218159296313747	0.11670934399014846	0.15861533882830398
0.5286651085874948	0.23938848152864198	0.3446591593482109
0.3609685546458981	0.5205497774187109	1.5031366085661038
0.20085962885641107	0.1504672992518179	0.6160096504228659
0.19692738011628275	0.12081578109933512	0.3527025262454512
0.21304510300921267	0.1205142016615109	0.8403445319757509
0.20780506956729775	0.2583398124036191	0.21382970661667725
0.13200223110848344	0.09830345982641998	0.474567194177384
0.23090171627491438	0.1703625966137239	0.24793269305187554
0.22128352466938367	0.09145254357449484	0.3368268363257253
0.20582811841884233	0.09174107125309632	0.1748922530744429
0.1523674431072166	0.08461797810705979	0.21047741672519651
0.18758087283006578	0.13291942941383844	0.1524706049881665
0.3769217491701403	0.54455268506831	0.6719540717770827
0.3078837275076211	0.13513161463726553	0.34586275564957264
0.1879569030753855	0.08216704701181521	0.49636236736240513
0.46482367054082185	0.36845023691540335	1.1062405832533282
0.17649906425310094	0.10925706971268395	0.7606119461205325
0.23077805084460173	0.10906081464062473	0.6245809283330115
0.29624187826518716	0.16663114146297645	0.31136486759412957
0.3646940189080414	0.27867765060462	0.24991131976553738
0.137214317994497	0.10472605952710455	0.5392209105771881
0.22369400686625177	0.12746727700872185	0.17008932240158336
0.20793209771734028	0.14610938529526374	0.4380680162232101
0.21811448256868834	0.13939098617396797	0.3107280701621265
0.15678432147374602	0.11102354697230836	1.0306072194637275
0.21499541124842875	0.1218440038652015	0.27506881901980473
0.19719560153731583	0.13748961059397985	0.27357272386568854
0.4843869315884037	0.2026570345517118	0.42095477475333104
0.40297655703817375	0.47683767861656134	1.4869341732478158
0.23536414748519058	0.13727913502823547	0.3342085730148894
0.17063334864686922	0.12499238457633045	0.3571480657045556
0.3165061226534134	0.10915455822832706	0.22971017509949218
0.1925640093032653	0.3865346507176392	0.29793219453890035
0.28615702914252905	0.18205639922412845	0.2662664172427534
0.40821683603112713	0.26300962573918824	1.1093627761108062
0.17017953612912726	0.1396882150973844	0.24240462172484856
0.1745707764706432	0.09274784208551627	0.23011585428207243
0.17899222008707574	0.12440440032605117	0.30181831779281243
0.16965609193134182	0.1100690332130076	0.3806203167438066
0.20796709616476586	0.10705434808239853	1.4079203843028925
0.3122461794568607	0.19328039992830987	0.25568879673157485
0.30536601854564877	0.21013493060107263	0.16550295914193344
0.1636558061518909	0.10448437755573714	0.1749580250415231
0.1953344051480342	0.12684129377105316	0.2970803668637134
0.2805691492450541	0.11990948997331317	0.47885904607472884
0.24176581672382097	0.1047962410284794	0.33553210900937824
0.22127069785593134	0.11081935522993054	0.4131542985809536
0.2570209979837926	0.10900112849336205	0.24047196981619678
0.24826460780988446	0.13380378971882823	0.22511655190725866
0.1553269468321806	0.07838042420940891	0.37695952387090575
0.41317445549095255	0.26472981505672494	0.18752993434172405
0.5342119665280032	0.2755121540654895	1.2991496080220402
0.6610899116335082	0.4352168762910799	0.582164322512588
0.16310679904576297	0.11142121328393054	0.44786570528716657
0.21042038537263622	0.12871379232336805	0.39335152505234516
0.3669994047091567	0.31680525413526234	0.24453685100675093
0.1989175844282579	0.12218305624697764	0.17669697740457385
0.1758794948852919	0.10392108924576657	0.1638729485999858
0.5206082413848674	0.21871759713130592	0.2128154308411957
0.15067154382146095	0.1025011417633702	0.48216554673822554
0.1361824349087383	0.11092769234396298	0.3022656529489674
0.1343027759293278	0.10599587312594701	0.32151452150333637
0.2808420508081737	1.2340797310072893	0.3825923793891298
0.31203232737514863	0.2623645518470507	0.6226808364887951
0.24737614503244798	0.1816543641794701	0.8907436183124144
0.17086583557583784	0.09062718263160024	0.20039746159940683
0.23140581126888998	0.15871964142759581	0.5252705524148877
1.569276523269022	0.5211807818352364	4.95192929425542
0.17517103001152073	0.12194068387853005	0.1708867205455035
2.6070446754003593	0.1565042638399452	0.5652812790884318
0.19482548184235512	0.1274741233831102	0.42108091112779333
0.6383264422950717	0.16356410033387922	0.3636310888145657
0.5324318506741514	0.6917168187944667	0.34889302931989075
0.16841722956728877	0.28681207443207296	0.9546460915583381
0.21166644751072647	0.09875345883455469	0.24941444285746192
0.1762058385503796	0.10044094152416502	0.2570234181187
0.14849034488478408	0.106917675442028	0.23483231527492196
0.17425105826250786	0.12278877295144341	0.5859221131766049
0.29954184319265836	0.15013595828770313	0.36148919310396854
0.6305227768599905	0.3259762347021666	1.4950809585042713
0.22818622531338165	0.16853528921999666	0.936349058053358
0.5145015406613719	0.14199046837828444	0.3156464025794056
0.26004346035253895	0.182948780760668	0.3311513107624042
0.35419350013387313	0.16478409565579905	0.2609914344559262
0.15333796144790016	0.10294253090395315	0.23719699630957514
0.1683665563743784	0.1289790128065972	0.3209077084419032
0.2093913825524432	0.09807147793194487	0.34334477900904253
0.17773165961728493	0.1537396339046767	0.23563452286785358
0.20213861859159077	0.109526106922125	0.3707766432298418
0.2351070181609043	0.2524697150302874	0.3187071481162713
0.1977919265070252	0.13045017096042114	0.2500839542473309
0.17462199013672403	0.09479202752401576	0.25026102178919757
0.1661210219080557	0.113965835401191	0.2223645983058318
0.3580054979566299	1.1523177601591859	0.9413595352981265
0.2440097707663801	0.11179885881091596	0.2614040946762196
0.14187141175348417	0.09367449264631954	0.7999594865837041
0.42638009594752935	0.3278813433388553	0.20914738546308612
0.2678762548353635	0.11365787337274597	0.340643462694615
0.27371463266602836	0.14270906166435998	0.24973125487188153
0.4102366674039832	0.28552360482480205	0.28167297806177216
0.23776053868802327	0.12319160131688459	0.4046174342335711
0.204583026442506	0.1244564375271831	0.36857693390940893
0.205110261644716	0.18548508322911825	0.8753952510151399
0.3137294928723979	0.16040698607128054	0.6931325764630649
0.42086003738525696	0.19482426445803855	0.6549581539671683
0.17421693025985008	0.320545925615518	0.5276215521881524
0.1716888356518024	0.12878661689870247	0.37202959539967606
0.19491236677614698	0.12909516574015542	0.24367012848369174
0.4704183210210151	0.17209695703055194	0.2665041428721977
0.5893088816698684	0.24110084136835935	0.40697119445144114
0.9950043195119609	0.4734489515975831	1.119934347323156
0.30485300276073746	0.1513673756381535	0.1961051190640043
0.1374330814381283	0.0863583692720259	0.22813402120789344
0.4289224969317657	0.21637011020359392	0.30506919846528824
0.3737644183554029	0.16289213571827155	0.29187854969311994
0.18997327129267938	0.09619351130858839	0.14172670558405093
0.1787420242840806	0.15189304096217626	0.14970699228592657
0.16591519802652765	0.20924063956720937	0.4513444554139959
0.2781976451146603	0.1883331124425069	0.3946477982626119
0.19319420448970234	0.11350570557552016	0.1630039971212947
0.16349678657850214	0.1441115702506108	0.5035825651570505
0.5989849186094754	0.29660134288100237	2.220710370019601
0.8792897313450149	0.34829103426563124	0.5250691539969651
0.2585337900891956	0.2037598677679157	0.574105830173101
0.6269768101076351	0.24883375526424006	0.31571993888374683
0.1450451388054645	0.11946220797248412	0.6327827454113811
0.1641122351648446	0.1356090419269221	0.16379778032982756
0.2217883883612613	0.10607775310479173	0.2212782846877632
0.14432885118283845	0.10862226525314295	0.33349263714630506
0.277312260549508	0.13089086810188547	0.1454817280552495
0.16271444461094114	0.11836474372785775	0.3669935556552192
0.30096727876001966	0.8005621213486835	3.2265723787213343
0.12803338557364352	0.11185344869151428	0.21003502676763322
0.11730573211677216	0.09943397713068576	0.40329853817378314
0.19990526403664483	0.13729721315784665	0.5878018827321145
0.2583451048348815	0.13539969808839886	0.3128444218724833
0.2501502076335534	0.32661994446651005	0.3891457235759844
0.15280698130483408	0.0949926886951951	0.3098261523015743
0.16853703656772753	0.1363554864046807	0.2589116750798708
0.3459248028341264	0.19419884329532613	1.0090061215077488
0.49726405554311914	0.26469222058699776	0.22490282203681794
0.2123942258199505	0.18673438353386174	0.5025641342474096
0.15070629157137633	0.0953668151888868	0.6427042183123663
0.709203509006397	0.21013501584431044	1.2243711279822516
0.27734766822861334	0.07215118015353184	0.22084322483176336
0.29174766486685666	0.37440320390827814	0.6039960752723803
0.1653719777479997	0.1160722554870977	0.2785148869858733
0.49725918521650053	0.20763930959988586	0.2883996578780057
0.4152948081023428	0.24312159646055112	0.2899428640135497
0.7809261286256683	0.138073437407609	0.8475481593201022
0.6995935327608677	0.39212287584361494	1.033807051847441
0.15238732303474345	0.09453800824969034	0.22109542231596688
0.1597636665524845	0.10092851175517173	0.16377554742715247
0.9077910070938228	0.2740924486350652	0.5226495205207338
0.2706726653015023	0.7786678262364276	0.42793214532845597
2.633065627913704	0.623069910821697	3.6768376789975656
0.20731338031212934	0.12164063614404162	0.2746289954151614
0.18503006862795335	0.13748532048771908	0.37369470796601145
0.1872830570383398	0.11175028745892057	0.2584390825550199
0.45526826365943956	0.08895924931939633	0.08391370662361719
0.32398086850031055	0.1924575158521328	0.21047947652404358
0.15763384483949314	0.11515146888721042	0.7037922741250382
0.2780513822874249	0.10056721250439649	0.22137484218180742
0.22643511688259063	0.15642647089187817	0.27215621804215206
0.385709191510402	0.20712730309268224	0.2922846628518858
0.2773865188252749	0.18996618177209035	1.4001515449664248
0.1977510529078329	0.13093285581988776	0.6838586851393218
0.34296343520416384	0.17277592676446676	0.6541760230674798
0.14999218344681042	0.09342215418106087	0.629965466126894
0.6165208354925961	0.2598319042020287	0.24833745098630416
0.17474506075287943	0.14246478946426802	0.4355553136605186
1.0642175644489613	0.2122300891276698	1.20865037670421
0.7537997874655237	0.34493305521774353	0.7322679719569922
0.8085053399832114	0.27942963955568445	0.39396123813969275
0.2208901340008029	0.184284776556423	0.7689638831760226
0.31081928101494277	0.14070040744883572	0.7080610276659733
0.3195099559367387	0.5311200558855501	0.42172326620603323
0.22562138648989633	0.1306119120350057	0.19156155583574463
0.27077208359918753	0.14440616661225636	0.3679763752023647
0.17447345319647342	0.1035688279629074	0.2737075342097065
0.21146881275677049	0.09058158621728428	0.21888662520110191
0.2015988232665716	0.13140819685387495	0.25174084271146047
0.14270209412215407	0.08995978842948797	0.22020083837611787
0.5040376188913375	0.2101126162657136	0.31503163635799425
0.14220027103253977	0.10387355500805794	0.2986431016589865
0.5195619591553757	0.15867987857344673	0.27232954475757376
0.18021967240953732	0.11154716952279081	0.21227401349756755
0.15609242999630946	0.09290948699184598	0.3207466901167037
0.17482811149935776	0.24060755426793445	0.6680194370691556
0.1611699730830507	0.12013341283417686	0.21439064590742468
1.0253827897729049	0.3583600190688677	2.022997365264665
0.4074304238478787	0.25060385368354676	0.39925149016621825
0.1792874091230388	0.13340403571558498	0.29463440537276586
0.2399212976256823	0.14575398998522635	0.23424895490453174
0.2620468196352872	0.16028202352615875	0.41490204349711113
0.15135688782194093	0.10457053877028126	0.8941444657801472
0.18947000227112668	0.13995634941555685	0.30916673565153663
0.5164715805965272	0.3101639481343082	0.4030763062191783
0.3272674373844118	0.12965781587498312	0.16804341805888456
0.5624017037575354	0.25995898726245836	0.1828607040279242
0.47152310799449326	0.056044915741223895	0.2602862182497952
0.1690965919768375	0.10911384165759196	1.1384848777609586
0.17145363402671523	0.12145254274914903	0.3948285777989788
0.47634448073614805	0.1485218262570516	0.392199270409547
0.13076046900684915	0.11210064283349878	0.20584036723077132
0.4853241103350495	0.24260058012148203	0.4862587509110622
0.2752584745132131	0.1462823753015333	0.2782003198678046
0.15045694355884756	0.11290767255555512	0.3231047620538526
0.865641301404623	0.3164201352003806	0.24398465289381494
0.14354502785188147	0.20425266092333297	0.49499621767219804
0.16976907223433024	0.1635697916689815	0.5305962810301995
0.21012485583636523	0.11717480225625025	0.3559657253549646
0.49563447921380244	0.23931188272446166	0.5117607759577031
0.21721737758364387	0.1544317909920592	0.2644737059719759
0.17091775212756627	0.2946322756547837	0.5212011279182626
0.18341170486842268	0.11442115449002593	0.536118837040815
0.16416096924630777	0.08695211408084288	0.18877074936682392
0.16307088754723933	0.09126753054831094	0.1747995882669458
0.3481527954037534	0.20543344182307494	0.9691872992270707
0.5098965069566704	0.2021513437752759	0.3176459365739175
0.21922626570888037	0.1109139146987897	0.24668190339376797
0.22625186940752795	0.1701785398810209	0.4929575163023278
0.1785851101135736	0.1296495449629385	0.20574787013406348
0.5444570531145041	0.32446168323470753	2.4475944487969423
0.3402942454944674	0.10913809365397757	0.4437619769364336
0.14657038120402202	0.10094889365328467	0.3773203097856441
0.20170006413706357	0.14962734987922263	0.6192649823285516
0.67709418711086	0.1955922086533197	4.621082452981009
0.20010727236448575	0.12492095476444473	0.35241099664817893
0.607669874048414	0.4731706624709532	0.3866981147845847
0.22421483184820334	0.09739455357345424	0.7666977299816622
0.2751892655525142	0.14665516263215198	0.30872820425017866
0.34915518491661507	0.2095545640830009	0.2441734206738746
1.5485339344791937	0.40384364693620817	0.544622389098689
0.3347463730076447	0.2382216971128797	0.33815236624519807
0.21507015620724973	0.12404215404506053	1.5266458030961778
0.16938386729880892	0.11225219094316674	0.35053735848648737
0.5270632651812305	1.4139037447497305	4.7935738841526225
0.4696906924425314	0.2841336556924862	0.6666229961590482
0.41705417647243626	0.2326383545334686	0.36003138030514303
0.23039253242390714	0.13338355149096962	0.4384605721111513
0.22042911429396062	0.09958367393428257	0.738351816376855
0.17016247662422207	0.11218790002187803	0.18771340817728138
0.3021783649908715	0.12101625954420399	0.2512952950137065
0.4272549850463405	0.27093220594212103	0.2264508394130954
0.30798123690889084	0.19884174062256854	0.36713707205940516
0.5119512828681857	0.3746822390608931	0.28763516327342864
0.20114014184617032	0.16753864898541995	0.37494905911375254
0.3089335230058241	0.12598128153639757	0.3617785033886891
0.34861778081117906	0.1707288004491546	0.35503112078821186
0.25186555618735457	0.13272302399420421	0.5167281619263255
0.6445618465954653	0.17852528363421297	0.21111873144306031
0.6040612056154634	0.24802582859987007	0.43554274182343294
0.20203909597608447	0.13330476310843575	0.6873621299964177
0.1908767350401653	0.1388617831010306	0.23261870830687187
0.13740393132188572	0.1948284346508469	1.3969775740642698
0.16113051017004248	0.11299336483693927	0.19862871314014963
0.1997709622938312	0.10679444393352408	0.1798735472706542
0.4326646002731648	0.19145239978931883	4.263498815218303
0.1983177183422512	0.08647981322020594	0.5128274447569734
0.17555944352455327	0.15568475025624573	0.23880297675820045
0.37595469664473125	0.19257061362941938	0.4231668323050132
0.27194085516547856	0.3425205042765971	0.41026319444283355
0.8093505478682723	0.3131692472658778	0.44936441194336385
0.20175011968733345	0.11419119051441949	0.5910874290195681
0.1758283042751699	0.14280130148327064	0.2612696832881013
0.20157518729459467	0.10110709608302289	0.397810726063746
0.2827969443047941	0.15443633235579182	0.4942525059095584
0.4789623171717494	0.2616141780081533	2.2087479541768973
0.11682662048721962	0.09026979945842145	0.18610833464724896
0.2152799153087436	0.1683132151645943	0.2993026568176151
0.19628454380254487	0.13194617150761134	0.7590578132720242
0.12431847224700472	0.15876669142927377	0.29629879189082
0.21032167793514622	0.12991975330773295	0.6114182902841621
0.3483780358757955	0.20983110931041252	0.25879960303896443
0.16497810408302666	0.11565947189732638	0.42621081530790594
0.27025323283729064	0.14140165644448616	0.6857567510491679
0.20032165426791157	0.13506260281752158	0.5705274954191982
0.4439958923598262	0.14299479277319893	1.4816289403579357
0.18980985816621454	0.13502260474568212	0.8440216788327988
0.40306536281951444	0.26839658769348873	1.1999105668256613
0.2591056280712705	0.12105348133447065	1.0941687172419305
0.13900897940993712	0.163928691702486	0.4181654421441362
0.18669850408827926	0.12809215287796794	0.6965674792346879
0.2996268715338917	0.16716501741865453	0.8805062089481273
0.37172208377917054	0.21847823842716693	1.0487455562584944
0.197140037087278	0.1043408286390427	0.266206101259748
0.1572502145878385	0.10684164411228185	0.2813976315628701
0.3313409011145383	0.1850483570241362	0.1760518016283651
0.21029457146534206	0.10012544351184346	0.17775451308008766
0.287192602352632	0.18930051774250578	0.3082658785897795
0.2613363888546187	0.11828509622154777	0.23635222425897212
0.15141017445345062	0.09415874947339742	0.2366737410669046
0.16091437049179858	0.12023575870090467	0.20953602478470068
0.23079723656606493	0.1979812854048069	0.1852536800074016
0.1485805819021504	0.23362991345983802	0.29892160749142904
0.2498341359711664	0.231135553313978	0.5948234298109798
0.2909745680903628	0.15291460563577242	0.7109717114047029
0.20301871678304037	0.09925782431907089	0.3948286663625772
0.24652005816504843	0.13939343069292698	0.231834861087015
0.21433942213452126	0.1183613082193391	0.2715862994501743
0.25518412707090604	0.1391445157694066	0.1896142044100242
0.19879965742484582	0.13495622363161505	0.237056960486556
0.2600065540523085	0.17111684795754561	0.4935707095506523
0.22550764819564362	0.14809982570274527	0.36505088584983325
0.14131481426026135	0.10591174840151865	0.14412994342639276
0.6190900770858222	0.41002665173487324	0.4539903132987
0.1852298208386284	0.1597888492539252	0.33510510959888323
0.1436128635389161	0.11187600606856105	0.16375774839878915
0.27174982072624365	0.17563312750389815	0.23063904853848965
0.26730800072810346	0.6671386765855584	0.2391037545361902
0.3194542994468244	0.10283212304267642	0.46422590635369243
0.17712472585899333	0.10892233275281665	0.5561374369734904
0.17158369293668443	0.15185078870980243	0.9934247648975205
0.2552445151364618	0.10159909361200124	0.2204308170798504
0.2736772381892417	0.7584680494781797	0.5942449905211571
0.17207207471598585	0.12714443544077011	0.2684487830931115
0.1976392075243983	0.10539100290689905	0.2252363546228796
0.1686739679741351	0.10222136084347017	0.29307839397642854
0.43641802677652203	0.181818980219545	0.41511958171261837
0.4549143313895517	0.2916987101287766	0.3770346279090473
0.26398693297839093	0.14530869600153667	0.26208225056807755
0.20982480335821652	0.1483063636812416	0.6187681181150049
0.15774082230397304	0.13408725745056535	0.41381598594872315
0.40602404775321027	0.18189412465136792	0.22046476889792582
0.18185891174663432	0.21454487701764804	0.6960099086446448
0.3756322927573087	0.32586158942179083	0.35729086511205166
0.492786863530665	0.3396896609785693	0.521488340883904
0.265072369013341	0.19686214451137304	0.2626378801317045
0.15501075770657485	0.2015997791043147	0.43514409715726887
0.1481108173794519	0.11471719517266564	0.3199094594428186
0.2435133167602669	0.4573334837541241	1.753354081739661
0.17104645344646943	0.1487193751265269	0.12830379285559923
0.687868491281925	0.18990603343450274	0.40682081850297974
0.1803140850289195	0.14154973153250192	0.7311860234849892
0.3574106117880551	0.5475117305221965	1.3437999032993289
0.16710004657315952	0.1280278965704686	0.4121805620928785
0.1639104086922406	0.12176558361631451	0.27529874852314595
0.22450858957923361	0.16913463046737154	0.20454174867848357
0.42747437255201176	0.3174976051796924	1.12606693886621
0.2926735644615665	0.1404879148209942	0.8765695894768211
0.22635434273058774	0.16399791812894954	0.34530925263743695
0.19970021432671498	0.10917475434080046	0.5808304591563715
0.1292205695274611	0.08823918237100194	0.3650090076824736
0.28210294167741773	0.1264013141459296	0.18870716971054885
0.21873457217418774	0.13654538465311547	0.8191688414917726
0.2701366384784879	0.1717595223368933	0.3039187620250855
0.20841163384561373	0.14260793968125005	0.4077254125166173
0.2712406008997284	0.19886995290291865	0.472411072755783
0.27655052548795056	0.8772002644348518	3.0406017924235935
0.9558877284823518	0.2309766656343564	0.21227701528818538
0.20153336582748835	0.13458981158419744	0.6328848282499315
0.20480482966033778	0.1501774688012902	0.6271155736043286
0.1798800106383172	0.09154573716355326	0.21481950018985996
0.20645514698501058	0.12510519035941906	0.4684318431947374
0.2005528443688732	0.10311295115009576	0.27930422463845517
0.27075829926565076	0.16608157160983902	0.42858870014796946
0.34112319446296513	0.12713840617887207	0.17260442674476015
1.021105548877353	0.40275377541078883	0.46257221190509934
0.24561007398320076	0.10588175987759542	0.25363459567053953
0.1970798872460963	0.11962145969960807	0.5123381712795809
0.2683435231326451	0.12073218389831038	0.4343780431887785
0.6758403280974418	0.24008582070752915	0.4132799838127905
0.20426467379899613	0.14814139349666403	0.5177137941370482
0.17485761665915336	0.10549398064169051	0.29904371269417945
0.17874377481324255	0.10164244853839458	0.31759995309184
0.14794411244577474	1.241858870986255	1.074354757610233
0.3549382209950694	0.16266544467131738	0.16880642145826408
0.2414606779328097	0.11282325674540794	0.2817335363402739
0.14808173786541187	0.10662103436374665	0.6969216831857798
0.836778036964671	0.20817618017858233	0.30352491365941514
0.38087423397504494	0.176200225873802	0.3412021629479388
0.17871302256987368	0.11181321295212217	0.24476927478929372
0.41365821337910014	0.2295077621811685	0.4481348701263641
0.4544530196889662	0.17502191633400882	0.18416380810666239
0.2037766444450933	0.2977017211141795	0.4740866948800857
0.228070086118432	0.547927993953299	0.2699519606559302
0.2630712585135797	0.5291095589988706	1.2115165506433354
0.3281271515949061	0.17524287533075597	0.1805667625497913
0.7631343368444052	0.20857152684425456	2.2300970952390458
0.17560963156971413	0.12409010878759433	0.30924702786451674
0.30505629223592073	0.12150539620071724	0.3890563437279482
1.7099813963273476	0.4427065615380013	1.0795172488910152
0.7164620615158045	0.2644171528976974	0.8456283733442651
0.3412590887638072	0.1396946767736247	0.22572568617376304
0.1806636695123869	0.09239587378907317	0.22716602096326
0.2441918413687804	0.13857011587597984	0.9109640746712939
0.2868622295599962	0.13577469343567264	0.18906337748041457
0.21254352731508772	0.11700872758303685	0.28078934199399463
0.19700882796343133	0.1143473686095728	0.3965935589960579
0.28869462663271506	0.12255794669257239	0.296487862510432
0.4752477995987474	0.24468757467881844	0.45662985595703565
0.3254234154173851	0.6049975227651526	0.4477347341444017
0.19223828894368966	0.1383009782985321	0.28222401487697485
0.15841322315165704	0.12665356985177084	0.7796528810465404
0.21207544282352198	0.10859072690667086	0.2799013924883288
0.18069792912983335	0.120344126262865	0.2528744282676161
0.35047015759583494	0.23130586561738595	0.21406081259642978
0.37983798645516015	0.21363906509064534	0.4972831760783655
0.252478139170471	0.1487358730482053	0.4717267891079302
0.2142814386839844	0.9568036103848798	0.6720237863620807
0.28774998103713545	0.16628639157149916	0.27126633842379055
0.24734684406830446	0.17895227969568858	0.6478362585117552
0.19492820442658318	0.146149419191513	0.5558109008748202
0.5032818440756712	0.31855363776865847	0.4601672981165261
0.19767035698827454	0.1258151528728739	0.20026653531308486
0.1963266171847423	0.09364182316660062	0.2171156342537805
0.2778975999958929	0.14933732800288402	0.6538762253752866
1.0812007747035033	0.3383310812976086	1.1439674522273504
0.1648494709299367	0.129659294331601	0.2001759830768109
0.295686491014696	0.1282530979853044	3.6373474458755566
0.1784630273990694	0.1220270568295026	0.20816142528053794
0.4596708949005427	0.2569374636273786	1.6443651804492139
0.500314088849742	0.1722067779816561	0.16736846858594884
0.5307664258634032	0.167830604991139	0.403085128957071
0.1611643915249861	0.10695022999045771	0.23507910961194645
0.13850979929004265	0.14887927493712944	0.2701005205099307
0.5021737252291574	0.32313892347801104	0.6790817436400758
0.1514094520704301	0.13579311264241942	0.1796060862717342
0.15944101877771472	0.16856157662221022	0.28083400035324235
0.4710902379763164	0.36769334648018115	0.3047225653602512
0.21180662862908348	0.15006919030191201	0.3522238492444767
0.2628959396390209	0.12225562517500962	0.1727936454153643
0.2537288536907718	0.15934753435258264	0.315251869153392
0.21981278651191744	0.13569894663443835	0.21151100730803737
0.1912104147104306	0.10616684464584421	0.2571106912245943
0.20054018019377784	0.1376540642941759	0.2722910727623516
0.20765110559562885	0.12012394038658868	0.41132240726930036
0.3344834594758869	0.189140596845725	0.3609098782326581
0.21444374931460428	0.12968166469825645	0.45716442608817365
0.14829228015363063	0.20253342217942044	0.2857773633345536
0.2598056696447449	0.17541273313090816	0.9829000799892145
0.17552252315954292	0.11447639695370991	0.19646007139063526
0.17197314746457198	0.0956648287740724	0.2641212542043212
0.27879178849902453	0.19281072969371144	0.3632842243169992
0.22020483954669984	0.13278364697923312	0.4235831039930331
0.32992310105411055	0.216885153287862	0.44425122468193323
0.2997819326460533	0.1903579878231998	0.268585351217427
0.3121434098119842	0.1455083949316306	0.4779788719185232
0.2668442830588229	0.14593266235927546	0.3497552865497247
0.2753746495632395	0.11050129750326936	0.143778944154964
0.3313681439465643	0.22691033791130535	0.287326143833579
0.32203768358224355	0.1540710701897028	0.2170938435857602
0.20668420686685351	0.1302910063827184	1.2839811725752397
0.23141076674063893	0.14232406658904337	0.17727483032344915
0.6054673854492474	0.2693774055447309	0.18439315300413633
0.18250434477105565	0.1004367279936137	0.16885171762320955
0.5638874583825226	0.3159437110510598	0.36669376286537964
0.43605323687701525	0.15079181565127933	0.1991045870444414
0.17478869717095788	0.144724041526393	0.2897925222209546
0.36649129336021036	0.22862765001898105	0.7133061337249431
0.27643164391138786	0.17950808712654384	0.19540383928204455
0.23065681888422965	0.1207452337373566	0.1222743806295514
0.3834554445209913	0.43841418480899547	0.4432433346753878
0.1671635226964541	0.10749384693942678	0.329316470986843
0.23857032121148464	0.11795124560970695	0.5895326400066498
0.23775217570246474	0.17180305214622227	0.18227163605187413
